date,6587,6589,6687,6706,6795,7732,7733,7734,7735,7736,7737,7749,7750,7751,7752,7753,7754,7755,11074,11075,11076,11077,11078,11079,11080,11081,11082,11083,11308,11377,11378,11379,11380,11381,11382,11383,11384,0,1,2,3,4,5,6,7,8,9,10,11,12,13,14,15,16,17,18,19,20,21,22,23,24,25,26,27,28,29,30,31,32,33,34,35,36,ALL,stdv
2021-06-01,NaN,NaN,NaN,NaN,NaN,NaN,NaN,NaN,NaN,NaN,NaN,NaN,NaN,NaN,NaN,NaN,NaN,NaN,NaN,NaN,NaN,NaN,NaN,NaN,NaN,NaN,NaN,NaN,NaN,NaN,NaN,NaN,NaN,NaN,NaN,NaN,NaN,1538.0,1327.0,1480.0,2089.0,5698.0,1681.0,1588.0,1878.0,1369.0,1695.0,1703.0,1590.0,1682.0,1850.0,1649.0,1600.0,2315.0,3726.0,1661.0,3704.0,3996.0,2337.0,2248.0,2336.0,1989.0,2357.0,2491.0,3049.0,4323.0,3305.0,2520.0,2322.0,2752.0,2859.0,2982.0,2792.0,2329.0,2400.2702702702704,936.4558155735638
2021-06-10,NaN,NaN,NaN,NaN,NaN,NaN,NaN,NaN,NaN,NaN,NaN,NaN,NaN,NaN,NaN,NaN,NaN,NaN,NaN,NaN,NaN,NaN,NaN,NaN,NaN,NaN,NaN,NaN,NaN,NaN,NaN,NaN,NaN,NaN,NaN,NaN,NaN,1516.0,1328.0,1395.0,2057.0,6158.0,1583.0,1557.0,1842.0,1354.0,1619.0,1652.0,1625.0,1697.0,1900.0,1697.0,1385.0,2265.0,3783.0,1716.0,3645.0,4112.0,2267.0,2224.0,2305.0,1918.0,2327.0,2548.0,2993.0,4259.0,3233.0,2454.0,2308.0,2713.0,2874.0,3013.0,2790.0,2319.0,2390.027027027027,994.1233945511314
2021-06-20,NaN,NaN,NaN,NaN,NaN,NaN,NaN,NaN,NaN,NaN,NaN,NaN,NaN,NaN,NaN,NaN,NaN,NaN,NaN,NaN,NaN,NaN,NaN,NaN,NaN,NaN,NaN,NaN,NaN,NaN,NaN,NaN,NaN,NaN,NaN,NaN,NaN,1599.0,1356.0,1235.0,2099.0,6542.0,1441.0,1524.0,1787.0,1371.0,1554.0,1626.0,1715.0,1665.0,2002.0,1731.0,1101.0,2202.0,3729.0,1781.0,3486.0,4257.0,2101.0,2134.0,2194.0,1864.0,2199.0,2548.0,2813.0,4197.0,3322.0,2329.0,2385.0,2618.0,2890.0,3042.0,2849.0,2312.0,2367.5675675675675,1047.116879315837
2021-07-01,NaN,NaN,NaN,NaN,NaN,NaN,NaN,NaN,NaN,NaN,NaN,NaN,NaN,NaN,NaN,NaN,NaN,NaN,NaN,NaN,NaN,NaN,NaN,NaN,NaN,NaN,NaN,NaN,NaN,NaN,NaN,NaN,NaN,NaN,NaN,NaN,NaN,1669.0,1418.0,1264.0,2161.0,6736.0,1470.0,1557.0,1859.0,1535.0,1578.0,1645.0,1833.0,1878.0,2201.0,1744.0,1405.0,2256.0,3664.0,2080.0,3469.0,4424.0,2185.0,2136.0,2278.0,1891.0,2167.0,2742.0,2798.0,4130.0,3363.0,2351.0,2467.0,2658.0,2938.0,3039.0,2999.0,2336.0,2441.189189189189,1042.7953813911406
2021-07-10,NaN,NaN,NaN,NaN,NaN,NaN,NaN,NaN,NaN,NaN,NaN,NaN,NaN,NaN,NaN,NaN,NaN,NaN,NaN,NaN,NaN,NaN,NaN,NaN,NaN,NaN,NaN,NaN,NaN,NaN,NaN,NaN,NaN,NaN,NaN,NaN,NaN,1725.0,1586.0,1342.0,2198.0,6416.0,1566.0,1591.0,1629.0,1661.0,1591.0,1698.0,1979.0,1943.0,2281.0,1721.0,1633.0,2247.0,3909.0,2408.0,3572.0,4316.0,2217.0,2136.0,2368.0,1913.0,2187.0,3145.0,2613.0,3865.0,3167.0,2376.0,2474.0,2676.0,2899.0,2998.0,3111.0,2332.0,2472.675675675676,980.4096235497018
2021-07-20,NaN,NaN,NaN,NaN,NaN,NaN,NaN,NaN,NaN,NaN,NaN,NaN,NaN,NaN,NaN,NaN,NaN,NaN,NaN,NaN,NaN,NaN,NaN,NaN,NaN,NaN,NaN,NaN,NaN,NaN,NaN,NaN,NaN,NaN,NaN,NaN,NaN,1690.0,1516.0,1170.0,2378.0,5669.0,1370.0,1764.0,1357.0,1555.0,1771.0,1703.0,1967.0,1898.0,2264.0,1737.0,1698.0,2272.0,4269.0,1787.0,3776.0,3797.0,1802.0,1940.0,1984.0,1641.0,1945.0,3172.0,2157.0,3617.0,2570.0,2204.0,2210.0,2574.0,2770.0,2833.0,2955.0,2161.0,2322.7837837837837,915.6121902750517
2021-08-01,NaN,NaN,NaN,NaN,NaN,NaN,NaN,NaN,NaN,NaN,NaN,NaN,NaN,NaN,NaN,NaN,NaN,NaN,NaN,NaN,NaN,NaN,NaN,NaN,NaN,NaN,NaN,NaN,NaN,NaN,NaN,NaN,NaN,NaN,NaN,NaN,NaN,1974.0,1728.0,1486.0,2750.0,4783.0,1373.0,1936.0,1291.0,1726.0,2188.0,1920.0,1939.0,1980.0,2327.0,1804.0,1818.0,2351.0,3916.0,1698.0,2523.0,3603.0,1667.0,1805.0,1804.0,1552.0,1699.0,2357.0,1939.0,2634.0,2076.0,2191.0,2169.0,2614.0,2674.0,2860.0,2492.0,2092.0,2209.162162162162,694.7609549436727
2021-08-10,NaN,NaN,NaN,NaN,NaN,NaN,NaN,NaN,NaN,NaN,NaN,NaN,NaN,NaN,NaN,NaN,NaN,NaN,NaN,NaN,NaN,NaN,NaN,NaN,NaN,NaN,NaN,NaN,NaN,NaN,NaN,NaN,NaN,NaN,NaN,NaN,NaN,2124.0,1761.0,1520.0,2711.0,4124.0,1391.0,1962.0,1268.0,1673.0,2012.0,1917.0,1870.0,1940.0,2255.0,1790.0,1818.0,2541.0,3732.0,1647.0,1921.0,3540.0,1648.0,1791.0,1754.0,1592.0,1621.0,2012.0,1840.0,2289.0,2001.0,2167.0,2151.0,2643.0,2665.0,2903.0,2380.0,2088.0,2136.810810810811,617.9403818806488
2021-08-20,NaN,NaN,NaN,NaN,NaN,NaN,NaN,NaN,NaN,NaN,NaN,NaN,NaN,NaN,NaN,NaN,NaN,NaN,NaN,NaN,NaN,NaN,NaN,NaN,NaN,NaN,NaN,NaN,NaN,NaN,NaN,NaN,NaN,NaN,NaN,NaN,NaN,2129.0,1844.0,1453.0,2358.0,2912.0,1379.0,2135.0,1231.0,1630.0,1879.0,1837.0,1807.0,1980.0,2192.0,1867.0,1866.0,2734.0,3412.0,1485.0,1474.0,3459.0,1560.0,1635.0,1564.0,1467.0,1562.0,1632.0,1713.0,2315.0,1890.0,2150.0,2086.0,2648.0,2590.0,2706.0,2264.0,1962.0,2021.8108108108108,531.6602673541877
2021-09-01,NaN,NaN,NaN,NaN,NaN,NaN,NaN,NaN,NaN,NaN,NaN,NaN,NaN,NaN,NaN,NaN,NaN,NaN,NaN,NaN,NaN,NaN,NaN,NaN,NaN,NaN,NaN,NaN,NaN,NaN,NaN,NaN,NaN,NaN,NaN,NaN,NaN,1836.0,1983.0,1527.0,2014.0,2213.0,1443.0,2344.0,1277.0,1644.0,1674.0,1723.0,1763.0,2066.0,1968.0,1991.0,1930.0,2809.0,2916.0,1292.0,1461.0,3517.0,1668.0,1630.0,1570.0,1528.0,1674.0,1526.0,1807.0,2606.0,1961.0,2395.0,2222.0,2834.0,2626.0,2843.0,2346.0,2036.0,2017.918918918919,512.4124910591329
2021-09-10,NaN,NaN,NaN,NaN,NaN,NaN,NaN,NaN,NaN,NaN,NaN,NaN,NaN,NaN,NaN,NaN,NaN,NaN,NaN,NaN,NaN,NaN,NaN,NaN,NaN,NaN,NaN,NaN,NaN,NaN,NaN,NaN,NaN,NaN,NaN,NaN,NaN,1796.0,2185.0,1675.0,2064.0,2091.0,1556.0,2199.0,1387.0,1773.0,1622.0,1731.0,1866.0,2288.0,1953.0,2143.0,2080.0,2980.0,2797.0,1359.0,1695.0,3887.0,1724.0,1640.0,1663.0,1601.0,1750.0,1667.0,1910.0,2891.0,2191.0,2413.0,2291.0,2861.0,2711.0,2864.0,2562.0,2107.0,2107.3783783783783,532.790428417766
2021-09-20,NaN,NaN,NaN,NaN,NaN,NaN,NaN,NaN,NaN,NaN,NaN,NaN,NaN,NaN,NaN,NaN,NaN,NaN,NaN,NaN,NaN,NaN,NaN,NaN,NaN,NaN,NaN,NaN,NaN,NaN,NaN,NaN,NaN,NaN,NaN,NaN,NaN,1778.0,2722.0,1656.0,2013.0,1824.0,1523.0,2352.0,1450.0,1951.0,1653.0,1938.0,2056.0,2698.0,2026.0,2618.0,2282.0,2619.0,2650.0,1400.0,1762.0,3798.0,1537.0,1539.0,1545.0,1509.0,1599.0,1679.0,1781.0,3169.0,2210.0,1919.0,1989.0,2478.0,2491.0,2513.0,2514.0,1892.0,2084.675675675676,526.4787695755002
2021-10-01,NaN,NaN,NaN,NaN,NaN,NaN,NaN,NaN,NaN,NaN,NaN,NaN,NaN,NaN,NaN,NaN,NaN,NaN,NaN,NaN,NaN,NaN,NaN,NaN,NaN,NaN,NaN,NaN,NaN,NaN,NaN,NaN,NaN,NaN,NaN,NaN,NaN,1846.0,2768.0,1087.0,1454.0,1729.0,1110.0,2582.0,1351.0,1849.0,1620.0,1692.0,2047.0,2663.0,1974.0,2786.0,2354.0,2269.0,1891.0,1323.0,1650.0,3332.0,1315.0,1340.0,1326.0,1330.0,1543.0,1420.0,1517.0,3474.0,2065.0,1498.0,1649.0,2144.0,2120.0,2252.0,2182.0,1417.0,1891.054054054054,579.5793883053723
2021-10-10,NaN,NaN,NaN,NaN,NaN,NaN,NaN,NaN,NaN,NaN,NaN,NaN,NaN,NaN,NaN,NaN,NaN,NaN,NaN,NaN,NaN,NaN,NaN,NaN,NaN,NaN,NaN,NaN,NaN,NaN,NaN,NaN,NaN,NaN,NaN,NaN,NaN,2047.0,2435.0,1114.0,1377.0,1707.0,1219.0,2749.0,1226.0,1714.0,1632.0,1661.0,2029.0,2373.0,1945.0,2859.0,2379.0,1448.0,2001.0,1225.0,1652.0,2966.0,1169.0,1181.0,1134.0,1157.0,1544.0,1277.0,1387.0,3638.0,2215.0,1508.0,1469.0,1945.0,1983.0,2156.0,2081.0,1503.0,1813.6486486486488,586.208071915813
2021-10-20,NaN,NaN,NaN,NaN,NaN,NaN,NaN,NaN,NaN,NaN,NaN,NaN,NaN,NaN,NaN,NaN,NaN,NaN,NaN,NaN,NaN,NaN,NaN,NaN,NaN,NaN,NaN,NaN,NaN,NaN,NaN,NaN,NaN,NaN,NaN,NaN,NaN,2198.0,2363.0,1652.0,1751.0,1799.0,1509.0,3583.0,1460.0,1688.0,1768.0,1715.0,2227.0,2149.0,2035.0,3010.0,2571.0,430.0,2641.0,1503.0,1791.0,2887.0,1579.0,1502.0,1715.0,1648.0,1876.0,1424.0,2183.0,3862.0,2836.0,1988.0,2002.0,1961.0,1929.0,2283.0,2086.0,2274.0,2050.7567567567567,621.477811802203
2021-11-01,NaN,NaN,NaN,NaN,NaN,NaN,NaN,NaN,NaN,NaN,NaN,NaN,NaN,NaN,NaN,NaN,NaN,NaN,NaN,NaN,NaN,NaN,NaN,NaN,NaN,NaN,NaN,NaN,NaN,NaN,NaN,NaN,NaN,NaN,NaN,NaN,NaN,2006.0,2522.0,2899.0,2529.0,2056.0,1836.0,4309.0,2457.0,1935.0,1767.0,1761.0,2484.0,2185.0,2076.0,3488.0,2770.0,261.0,3379.0,2797.0,2956.0,2906.0,2665.0,2916.0,3215.0,3227.0,2961.0,2292.0,3219.0,4048.0,3548.0,2774.0,3235.0,2506.0,2313.0,2837.0,2530.0,3104.0,2669.4324324324325,714.1316988290478
2021-11-10,NaN,NaN,NaN,NaN,NaN,NaN,NaN,NaN,NaN,NaN,NaN,NaN,NaN,NaN,NaN,NaN,NaN,NaN,NaN,NaN,NaN,NaN,NaN,NaN,NaN,NaN,NaN,NaN,NaN,NaN,NaN,NaN,NaN,NaN,NaN,NaN,NaN,1732.0,2428.0,3909.0,3077.0,2292.0,1980.0,3720.0,3301.0,1932.0,1617.0,1641.0,3013.0,2145.0,2020.0,3889.0,2768.0,313.0,3429.0,4078.0,4182.0,2789.0,3626.0,4553.0,4370.0,4479.0,3804.0,3170.0,3971.0,4066.0,4197.0,3417.0,4353.0,2996.0,2887.0,3384.0,3072.0,3682.0,3142.7567567567567,976.7279741193652
2021-11-20,NaN,NaN,NaN,NaN,NaN,NaN,NaN,NaN,NaN,NaN,NaN,NaN,NaN,NaN,NaN,NaN,NaN,NaN,NaN,NaN,NaN,NaN,NaN,NaN,NaN,NaN,NaN,NaN,NaN,NaN,NaN,NaN,NaN,NaN,NaN,NaN,NaN,1689.0,2114.0,4477.0,3621.0,2688.0,2225.0,2804.0,4225.0,1357.0,1603.0,1591.0,3875.0,2481.0,1936.0,4482.0,2198.0,375.0,3305.0,5540.0,5349.0,2392.0,4924.0,5794.0,5192.0,5340.0,4574.0,4138.0,5001.0,3893.0,4961.0,4450.0,5846.0,3445.0,3295.0,3862.0,3672.0,4862.0,3610.162162162162,1412.8335054931185
2021-12-01,NaN,NaN,NaN,NaN,NaN,NaN,NaN,NaN,NaN,NaN,NaN,NaN,NaN,NaN,NaN,NaN,NaN,NaN,NaN,NaN,NaN,NaN,NaN,NaN,NaN,NaN,NaN,NaN,NaN,NaN,NaN,NaN,NaN,NaN,NaN,NaN,NaN,1735.0,1906.0,4833.0,4525.0,3279.0,2893.0,2531.0,4983.0,1975.0,1739.0,1716.0,4699.0,4401.0,2362.0,5191.0,1980.0,399.0,4090.0,6044.0,5816.0,2531.0,6181.0,6000.0,5570.0,5650.0,5251.0,4674.0,5233.0,3833.0,5127.0,5304.0,6228.0,3858.0,3675.0,4139.0,3800.0,5197.0,4036.4324324324325,1544.290715183573
2021-12-10,NaN,NaN,NaN,NaN,NaN,NaN,NaN,NaN,NaN,NaN,NaN,NaN,NaN,NaN,NaN,NaN,NaN,NaN,NaN,NaN,NaN,NaN,NaN,NaN,NaN,NaN,NaN,NaN,NaN,NaN,NaN,NaN,NaN,NaN,NaN,NaN,NaN,1671.0,2349.0,4971.0,5191.0,3786.0,3510.0,2305.0,4917.0,3598.0,1698.0,1706.0,5779.0,6008.0,3162.0,5662.0,2037.0,419.0,3840.0,6053.0,5840.0,2620.0,6324.0,6122.0,5405.0,5674.0,5349.0,4984.0,5223.0,3804.0,5116.0,5509.0,5955.0,4225.0,4023.0,4428.0,4048.0,5291.0,4286.540540540541,1536.18952227792
2021-12-20,NaN,NaN,NaN,NaN,NaN,NaN,NaN,NaN,NaN,NaN,NaN,NaN,NaN,NaN,NaN,NaN,NaN,NaN,NaN,NaN,NaN,NaN,NaN,NaN,NaN,NaN,NaN,NaN,NaN,NaN,NaN,NaN,NaN,NaN,NaN,NaN,NaN,1705.0,3624.0,4982.0,5420.0,4612.0,4028.0,2039.0,4552.0,4163.0,1634.0,1709.0,6327.0,6482.0,3655.0,5721.0,2039.0,440.0,2700.0,5798.0,5683.0,2780.0,5943.0,5650.0,5143.0,5352.0,5056.0,4908.0,4983.0,3581.0,5017.0,5374.0,5640.0,4265.0,4226.0,4611.0,4137.0,5139.0,4300.486486486487,1479.6094923382266
2022-01-01,NaN,NaN,NaN,NaN,NaN,NaN,NaN,NaN,NaN,NaN,NaN,NaN,NaN,NaN,NaN,NaN,NaN,NaN,NaN,NaN,NaN,NaN,NaN,NaN,NaN,NaN,NaN,NaN,NaN,NaN,NaN,NaN,NaN,NaN,NaN,NaN,NaN,1584.0,3422.0,4961.0,5070.0,4954.0,4862.0,1693.0,4619.0,5921.0,1537.0,1634.0,5990.0,6667.0,4829.0,5546.0,1991.0,381.0,2234.0,5621.0,5789.0,3220.0,5723.0,5174.0,5119.0,5360.0,5032.0,5082.0,5039.0,2945.0,5243.0,5302.0,5315.0,4294.0,4631.0,4854.0,4554.0,5162.0,4360.918918918919,1530.6729023427567
2022-01-10,NaN,NaN,NaN,NaN,NaN,NaN,NaN,NaN,NaN,NaN,NaN,NaN,NaN,NaN,NaN,NaN,NaN,NaN,NaN,NaN,NaN,NaN,NaN,NaN,NaN,NaN,NaN,NaN,NaN,NaN,NaN,NaN,NaN,NaN,NaN,NaN,NaN,1276.0,4968.0,5203.0,4266.0,4978.0,5012.0,1451.0,4791.0,7049.0,1302.0,1817.0,5778.0,6553.0,5232.0,5527.0,1923.0,1361.0,1797.0,5230.0,5562.0,3168.0,5239.0,4623.0,4993.0,5200.0,4830.0,4971.0,4921.0,1648.0,5065.0,4906.0,4716.0,4470.0,4758.0,4886.0,4269.0,5061.0,4291.891891891892,1551.6343046412912
2022-01-20,NaN,NaN,NaN,NaN,NaN,NaN,NaN,NaN,NaN,NaN,NaN,NaN,NaN,NaN,NaN,NaN,NaN,NaN,NaN,NaN,NaN,NaN,NaN,NaN,NaN,NaN,NaN,NaN,NaN,NaN,NaN,NaN,NaN,NaN,NaN,NaN,NaN,1685.0,6122.0,4712.0,3501.0,4461.0,4857.0,1324.0,4406.0,6540.0,1930.0,3055.0,5343.0,6134.0,5239.0,5254.0,2108.0,3523.0,1559.0,4618.0,4926.0,3026.0,4812.0,3649.0,4168.0,4456.0,4290.0,4528.0,4293.0,2036.0,4477.0,4384.0,3857.0,4056.0,4523.0,4611.0,4162.0,4560.0,4086.0810810810813,1256.068326992806
2022-02-01,NaN,NaN,NaN,NaN,NaN,NaN,NaN,NaN,NaN,NaN,NaN,NaN,NaN,NaN,NaN,NaN,NaN,NaN,NaN,NaN,NaN,NaN,NaN,NaN,NaN,NaN,NaN,NaN,NaN,NaN,NaN,NaN,NaN,NaN,NaN,NaN,NaN,3649.0,5925.0,3127.0,2518.0,4178.0,4653.0,1248.0,2954.0,5498.0,3799.0,4133.0,4789.0,5375.0,4874.0,4420.0,2387.0,3509.0,1496.0,3560.0,3598.0,3133.0,3323.0,2327.0,2934.0,2967.0,2892.0,3303.0,2855.0,2175.0,3500.0,3316.0,2665.0,3154.0,3480.0,3565.0,3544.0,3233.0,3460.972972972973,1005.7320175680159
2022-02-10,NaN,NaN,NaN,NaN,NaN,NaN,NaN,NaN,NaN,NaN,NaN,NaN,NaN,NaN,NaN,NaN,NaN,NaN,NaN,NaN,NaN,NaN,NaN,NaN,NaN,NaN,NaN,NaN,NaN,NaN,NaN,NaN,NaN,NaN,NaN,NaN,NaN,4924.0,5963.0,1769.0,1668.0,3993.0,4544.0,1318.0,1779.0,4984.0,5274.0,5099.0,4758.0,5444.0,4986.0,3664.0,2667.0,2891.0,1616.0,2563.0,2608.0,3374.0,1916.0,1927.0,2101.0,1837.0,1785.0,2479.0,1792.0,2526.0,2952.0,2313.0,2151.0,2552.0,2691.0,2653.0,3105.0,2503.0,3058.6216216216217,1300.796561598946
2022-02-20,NaN,NaN,NaN,NaN,NaN,NaN,NaN,NaN,NaN,NaN,NaN,NaN,NaN,NaN,NaN,NaN,NaN,NaN,NaN,NaN,NaN,NaN,NaN,NaN,NaN,NaN,NaN,NaN,NaN,NaN,NaN,NaN,NaN,NaN,NaN,NaN,NaN,5484.0,5556.0,1673.0,1582.0,3443.0,4471.0,1167.0,1680.0,4399.0,5755.0,5415.0,4119.0,4944.0,5047.0,2875.0,2724.0,2238.0,1525.0,1761.0,1906.0,3266.0,1863.0,1862.0,1855.0,1785.0,1797.0,1812.0,1782.0,2760.0,2439.0,2049.0,2021.0,2206.0,2311.0,2214.0,2862.0,2176.0,2833.0810810810813,1350.9911152283196
2022-03-01,NaN,NaN,NaN,NaN,NaN,NaN,NaN,NaN,NaN,NaN,NaN,NaN,NaN,NaN,NaN,NaN,NaN,NaN,NaN,NaN,NaN,NaN,NaN,NaN,NaN,NaN,NaN,NaN,NaN,NaN,NaN,NaN,NaN,NaN,NaN,NaN,NaN,5915.0,5142.0,1383.0,1806.0,3500.0,3925.0,1057.0,1588.0,3819.0,6157.0,5658.0,2870.0,3702.0,4830.0,2133.0,3229.0,675.0,2022.0,1374.0,1634.0,3462.0,1801.0,1677.0,1648.0,1660.0,1649.0,1509.0,1683.0,3007.0,2191.0,1773.0,1716.0,1814.0,1874.0,1744.0,2694.0,1836.0,2598.837837837838,1410.3846037376436
2022-03-10,NaN,NaN,NaN,NaN,NaN,NaN,NaN,NaN,NaN,NaN,NaN,NaN,NaN,NaN,NaN,NaN,NaN,NaN,NaN,NaN,NaN,NaN,NaN,NaN,NaN,NaN,NaN,NaN,NaN,NaN,NaN,NaN,NaN,NaN,NaN,NaN,NaN,5852.0,5716.0,1408.0,2060.0,3543.0,3236.0,1029.0,1456.0,3875.0,6075.0,5474.0,2475.0,2521.0,4112.0,1890.0,3586.0,294.0,2518.0,1670.0,1654.0,3715.0,1707.0,1602.0,1536.0,1548.0,1532.0,1772.0,1610.0,3336.0,2365.0,1652.0,1575.0,1663.0,1698.0,1637.0,2840.0,1781.0,2540.891891891892,1411.7616325823408
2022-03-20,NaN,NaN,NaN,NaN,NaN,NaN,NaN,NaN,NaN,NaN,NaN,NaN,NaN,NaN,NaN,NaN,NaN,NaN,NaN,NaN,NaN,NaN,NaN,NaN,NaN,NaN,NaN,NaN,NaN,NaN,NaN,NaN,NaN,NaN,NaN,NaN,NaN,5739.0,6018.0,1310.0,1839.0,2551.0,1557.0,826.0,1494.0,4743.0,6091.0,5136.0,2106.0,1831.0,3041.0,1755.0,4190.0,386.0,2815.0,1800.0,1788.0,3884.0,1762.0,1797.0,1613.0,1385.0,1379.0,1609.0,1656.0,3734.0,2686.0,1645.0,1559.0,1704.0,1730.0,1462.0,2921.0,1967.0,2473.2162162162163,1450.3772880098722
2022-04-01,NaN,NaN,NaN,NaN,NaN,NaN,NaN,NaN,NaN,NaN,NaN,NaN,NaN,NaN,NaN,NaN,NaN,NaN,NaN,NaN,NaN,NaN,NaN,NaN,NaN,NaN,NaN,NaN,NaN,NaN,NaN,NaN,NaN,NaN,NaN,NaN,NaN,5499.0,5415.0,1302.0,1726.0,2373.0,1039.0,669.0,1413.0,4061.0,6040.0,4803.0,1850.0,1836.0,2703.0,1682.0,4669.0,496.0,3116.0,1692.0,1582.0,3898.0,1534.0,1600.0,1424.0,1255.0,1209.0,1552.0,1424.0,3462.0,3096.0,1445.0,1390.0,1476.0,1449.0,1326.0,2817.0,2049.0,2334.3783783783783,1425.8850897818643
2022-04-10,NaN,NaN,NaN,NaN,NaN,NaN,NaN,NaN,NaN,NaN,NaN,NaN,NaN,NaN,NaN,NaN,NaN,NaN,NaN,NaN,NaN,NaN,NaN,NaN,NaN,NaN,NaN,NaN,NaN,NaN,NaN,NaN,NaN,NaN,NaN,NaN,NaN,5175.0,3572.0,1297.0,1869.0,2271.0,546.0,481.0,1291.0,2904.0,5899.0,4414.0,1740.0,1918.0,2344.0,1605.0,5393.0,633.0,3722.0,1607.0,1484.0,3912.0,1309.0,1336.0,1236.0,864.0,885.0,1546.0,1193.0,3046.0,3128.0,1264.0,1087.0,1298.0,1211.0,1116.0,2835.0,1737.0,2139.675675675676,1387.7397733716205
2022-04-20,NaN,NaN,NaN,NaN,NaN,NaN,NaN,NaN,NaN,NaN,NaN,NaN,NaN,NaN,NaN,NaN,NaN,NaN,NaN,NaN,NaN,NaN,NaN,NaN,NaN,NaN,NaN,NaN,NaN,NaN,NaN,NaN,NaN,NaN,NaN,NaN,NaN,4625.0,1850.0,1293.0,2613.0,2284.0,409.0,407.0,1249.0,2367.0,5463.0,3740.0,1723.0,1991.0,2021.0,1584.0,5803.0,611.0,4050.0,1578.0,1526.0,3868.0,1211.0,1233.0,1163.0,363.0,372.0,1524.0,1195.0,2705.0,2754.0,997.0,841.0,1255.0,1031.0,686.0,2867.0,1373.0,1962.837837837838,1367.9672730697616
2022-05-01,NaN,NaN,NaN,NaN,NaN,NaN,NaN,NaN,NaN,NaN,NaN,NaN,NaN,NaN,NaN,NaN,NaN,NaN,NaN,NaN,NaN,NaN,NaN,NaN,NaN,NaN,NaN,NaN,NaN,NaN,NaN,NaN,NaN,NaN,NaN,NaN,NaN,3995.0,1300.0,1298.0,3762.0,2282.0,561.0,369.0,1213.0,2068.0,4869.0,3059.0,1800.0,2098.0,1949.0,1655.0,5834.0,973.0,4236.0,1669.0,1626.0,3989.0,1153.0,1165.0,1126.0,496.0,472.0,1645.0,1187.0,2482.0,2787.0,1085.0,919.0,1381.0,1078.0,869.0,2977.0,1360.0,1967.2162162162163,1297.0010551400226
2022-05-10,NaN,NaN,NaN,NaN,NaN,NaN,NaN,NaN,NaN,NaN,NaN,NaN,NaN,NaN,NaN,NaN,NaN,NaN,NaN,NaN,NaN,NaN,NaN,NaN,NaN,NaN,NaN,NaN,NaN,NaN,NaN,NaN,NaN,NaN,NaN,NaN,NaN,2654.0,1374.0,1390.0,4438.0,2329.0,898.0,331.0,1168.0,1810.0,3897.0,2217.0,1806.0,2246.0,1813.0,1714.0,6042.0,1520.0,4151.0,1914.0,1834.0,4454.0,1120.0,1119.0,1136.0,990.0,932.0,1918.0,1103.0,2373.0,2958.0,1331.0,1169.0,1525.0,1279.0,1379.0,3284.0,1436.0,2028.4324324324325,1203.7867176750372
2022-05-20,NaN,NaN,NaN,NaN,NaN,NaN,NaN,NaN,NaN,NaN,NaN,NaN,NaN,NaN,NaN,NaN,NaN,NaN,NaN,NaN,NaN,NaN,NaN,NaN,NaN,NaN,NaN,NaN,NaN,NaN,NaN,NaN,NaN,NaN,NaN,NaN,NaN,1640.0,1696.0,1590.0,5240.0,2399.0,1317.0,435.0,1123.0,1859.0,2114.0,1989.0,1804.0,2340.0,1720.0,1851.0,5477.0,1796.0,3990.0,2100.0,2103.0,4669.0,1181.0,1193.0,1231.0,1134.0,1082.0,2344.0,1165.0,2413.0,3266.0,1576.0,1370.0,1683.0,1345.0,1509.0,3277.0,1569.0,2070.0,1131.0386042590785
